name: base
channels:
  - conda-forge
  - defaults
dependencies:
  - boltons=23.0.0=pyhd8ed1ab_0
  - brotli-python=1.0.9=py311h12c1d0e_9
  - bzip2=1.0.8=h8ffe710_4
  - ca-certificates=2023.7.22=h56e8100_0
  - certifi=2023.7.22=pyhd8ed1ab_0
  - cffi=1.15.1=py311h7d9ee11_3
  - charset-normalizer=3.2.0=pyhd8ed1ab_0
  - click=8.1.7=win_pyh7428d3b_0
  - colorama=0.4.6=pyhd8ed1ab_0
  - conda=23.7.2=py311h1ea47a8_0
  - conda-index=0.2.3=pyhd8ed1ab_0
  - conda-mirror=0.10.0=pyhd8ed1ab_0
  - conda-package-handling=2.2.0=pyh38be061_0
  - conda-package-streaming=0.9.0=pyhd8ed1ab_0
  - cryptography=41.0.3=py311h28e9c30_0
  - filelock=3.12.2=pyhd8ed1ab_0
  - idna=3.4=pyhd8ed1ab_0
  - jinja2=3.1.2=pyhd8ed1ab_1
  - jsonpatch=1.32=pyhd8ed1ab_0
  - jsonpointer=2.0=py_0
  - libexpat=2.5.0=h63175ca_1
  - libffi=3.4.2=h8ffe710_5
  - libsqlite=3.42.0=hcfcfb64_0
  - libzlib=1.2.13=hcfcfb64_5
  - markupsafe=2.1.3=py311ha68e1ae_0
  - menuinst=1.4.19=py311h1ea47a8_1
  - more-itertools=10.1.0=pyhd8ed1ab_0
  - openssl=3.1.2=hcfcfb64_0
  - packaging=23.1=pyhd8ed1ab_0
  - pip=23.2.1=pyhd8ed1ab_0
  - pluggy=1.2.0=pyhd8ed1ab_0
  - pycosat=0.6.4=py311ha68e1ae_1
  - pycparser=2.21=pyhd8ed1ab_0
  - pyopenssl=23.2.0=pyhd8ed1ab_1
  - pysocks=1.7.1=pyh0701188_6
  - python=3.11.4=h2628c8c_0_cpython
  - python_abi=3.11=3_cp311
  - pyyaml=6.0=py311ha68e1ae_5
  - requests=2.31.0=pyhd8ed1ab_0
  - ruamel.yaml=0.17.32=py311ha68e1ae_0
  - ruamel.yaml.clib=0.2.7=py311ha68e1ae_1
  - setuptools=68.1.2=pyhd8ed1ab_0
  - tk=8.6.12=h8ffe710_0
  - toolz=0.12.0=pyhd8ed1ab_0
  - tqdm=4.66.1=pyhd8ed1ab_0
  - tzdata=2023c=h71feb2d_0
  - ucrt=10.0.22621.0=h57928b3_0
  - urllib3=2.0.4=pyhd8ed1ab_0
  - vc=14.3=h64f974e_17
  - vc14_runtime=14.36.32532=hfdfe4a8_17
  - vs2015_runtime=14.36.32532=h05e6639_17
  - wheel=0.41.1=pyhd8ed1ab_0
  - win_inet_pton=1.1.0=pyhd8ed1ab_6
  - xz=5.2.6=h8d14728_0
  - yaml=0.2.5=h8ffe710_2
  - zstandard=0.19.0=py311he5d195f_2
  - zstd=1.5.2=h12be248_7
prefix: C:\Users\russe\mambaforge\envs\conda-mirror
